Jump Array
01-Feb-2023


dX	tX	pd	sze	gap	scr

jump_array_01
1	30	30	32	1	0
2	30	60	32	2	0
3	30	90	32	3	0
4	30	120	32	4	0
5	30	150	32	5	1
6	30	180	32	6	1
7	30	210	32	7	1
8	30	240	32	8	1



jump_array_02
1	54	54	32	2	0
2	54	108	32	3	0
3	54	162	32	5	1
4	54	216	32	7	1
5	54	270	32	8	1
6	54	324	32	10	1
7	54	378	32	12	1
8	54	432	32	14	2



jump_array_03
1	102	102	32	3	0
2	102	204	32	6	1
3	102	306	32	10	1
4	102	408	32	13	2
5	102	510	32	16	2
6	102	612	32	19	2
7	102	714	32	22	3
8	102	816	32	26	3


jump_array_04
1	141	141	32	4	1
2	141	282	32	9	1
3	141	423	32	13	2
4	141	564	32	18	2
5	141	705	32	22	3
6	141	846	32	26	3
7	141	987	32	31	4
8	141	1128	32	35	4
