406
607
808
1007
1206
1403
1600
1795
1990
2183
2375
2567
2757
2947
3135
3323
3509
3695
3879
4063
4245
4427
4607
4786
4965
5142
5319
5494
5669
5842
6014
6186
6356
6526
6694
6861
7028
7193
7358
7521
7683
7845
8005
8164
8323
8480
8636
8792
8946
9099
9252
9403
9553
9703
9851
9998
10145
10290
10434
10578
10720
10861
11002
11141
11279
11416
11553
11688
11822
11956
12088
12219
12349
12479
12607
12734
12860
12986
13110
13233
13355
13477
13597
13716
13834
13951
14068
14183
14297
14410
14523
14634
14744
14853
14961
15068
15175
15280
15384
15487
15589
15690
15791
15890
15988
16085
16181
16276
16370
16464
16556
16647
16737
16826
16914
17001
17087
17173
17257
17340
17422
17503
17583
17662
17740
17817
17893
17968
18042
18116
18188
18259
18329
18398
18466
18533
18599
18664
18728
18791
18853
18914
18974
19033
19091
19148
19204
19259
19313
19366
19418
19469
19519
19568
19616
19663
19709
19754
19798
19841
19883
19924
19964
20002
20040
20077
20113
20148
20182
20215
20247
20278
20308
20337
20365
20392
20417
20442
20466
20489
20511
20532
20552
20571
20588
20605
20621
20636
20650
20663
20675
20685
20695
20704
20712
20719
20725
20729
20733
20736
20738
20739
20738
20737
20735
20732
20728
20722
20716
20709
20701
20692
20681
20670
20658
20645
20630
20615
20599
20582
20563
20544
20524
20503
20480
20457
20433
20407
20381
20354
20326
20296
20266
20235
20202
20169
20135
20099
20063
20026
19987
19948
19908
19866
19824
19781
19736
19691
19645
19597
19549
19500
19449
19398
19345
19292
19238
19182
19126
19069
19010
18951
18890
18829
18766
18703
18639
18573
18507
18439
18371
18301
18231
18160
18087
18014
17939
17864
17787
17710
17631
17552
17471
17390
17307
17224
17139
17054
16967
16880
16791
16702
16611
16520
16427
16334
16239
16144
16047
15950
15851
15752
15651
15550
15447
15343
15239
15133
15027
14919
14811
14701
14590
14479
14366
14253
14138
14022
13906
13788
13670
13550
13429
13308
13185
13062
12937
12811
12685
12557
12428
12299
12168
12036
11904
11770
11635
11500
11363
11225
11087
10947
10806
10665
10522
10378
10234
10088
9941
9793
9645
9495
9344
9193
9040
8886
8731
8576
8419
8261
8102
7943
7782
7620
7457
7294
7129
6963
6796
6628
6460
6290
6119
5947
5774
5601
5426
5250
5073
4895
4717
4537
4356
4174
3991
3807
3623
3437
3250
3062
2873
2683
2492
2301
2108
1914
1719
1523
1326
1128
929
729
529
327
