scratchpad
18/06/2022



	0,1,2,3,1,2,4,1,2,
	5,6,7,8,6,7,9,6,7,
	0,10,11,0,10,11,0,10,11,
	0,12,13,0,12,13,0,12,13,

	0,14,15,3,14,15,4,14,15,
	16,17,18,19,17,18,20,17,18,
	0,21,22,0,21,22,0,21,22,
	0,12,13,0,12,13,0,12,13,

	0,23,24,3,23,24,4,23,24,
	25,26,27,28,26,27,29,26,27,
	0,30,31,0,30,31,0,30,31,
	0,12,13,0,12,13,0,12,13,


 0	 3	 6
36	39	42
72	75	78



 0,  1,  2	 3,	6,7,8
 9, 10, 12	12
18, 19, 22,	21	24
27, 28, 	30	33


36,37,38	39	42
45
54
63

72	75	78
81	84	87
90	93	96
99	102	105


w=0	a=0	s=0
w=1	a=0	s=3
w=2	a=0	s=6

w=0	a=1	s=36
w=1	a=1	s=39
w=2	a=1	s=42

w=0	a=2	S=72
w=1	a=2	s=75
w=2	a=2	s=78



