Experimenting with jumps
26-Feb-2023


TRUE	45	30	4.33	92	2	23	96	54
TRUE	45	35	5.05	125	3	31	89	67


TRUE	35	40	4.68	153	4	27	91	85
TRUE	45	40	5.77	163	5	41	81	82


TRUE	30	55	5.61	267	8	39	80	134
TRUE	45	55	7.94	309	9	77	48	134



AWESOME

01.
Line:65
MaxJumper:09- Angle:45 Speed:55: HorzDist:309 VertDist:77 MaxFrames:134	boost
-761|-746|-731|-716|-701|-686|-671|-656|-641|-626|-611|-596|-581|-566|-552|-537|-522|-507|-492|-477|-462|-447|-432|-417|-402|-387|-372|-357|-343|-328|-313|-298|-283|-268|-253|-238|-223|-208|-193|-178|-163|-148|-134|-119|-104|-89|-74|-59|-44|-29|-14|1|16|31|46|61|75|90|105|120|135|150|165|180|195|210|225|240|255|270|284|299|314|329|344|359|374|389|404|419|434|449|464|479|493|508|523|538|553|568|583|598|613|628|643|658|673|688|702|717|732|747|762|777|792|807|822|837|852|867|882|897|911|926|941|956|971|986|1001|1016|1031|1046|1061|1076|1091|1106|1120|1135|1150|1165|1180|1195|1210

Summary of jumps made with this projectile array
DIFF	Hard
LEFT	6x gaps
MIDD	9x gaps
RGHT	12x gaps