342.5827
269.3827
196.5827
124.1827
52.18278
-19.41719
-90.61716
-161.4171
-231.8171
-301.8171
-371.4171
-440.617
-509.417
-577.817
-645.8169
-713.4169
-780.6168
-847.4168
-913.8168
-979.8168
-1045.417
-1110.617
-1175.417
-1239.817
-1303.817
-1367.417
-1430.617
-1493.417
-1555.817
-1617.817
-1679.417
-1740.616
-1801.416
-1861.816
-1921.816
-1981.416
-2040.616
-2099.416
-2157.816
-2215.816
-2273.416
-2330.616
-2387.416
-2443.816
-2499.816
-2555.416
-2610.616
-2665.416
-2719.816
-2773.816
-2827.416
-2880.616
-2933.416
-2985.816
-3037.816
-3089.416
-3140.616
-3191.416
-3241.816
-3291.816
-3341.416
-3390.616
-3439.416
-3487.816
-3535.816
-3583.416
-3630.616
-3677.416
-3723.816
-3769.816
-3815.416
-3860.616
-3905.416
-3949.816
-3993.816
-4037.416
-4080.616
-4123.416
-4165.816
-4207.816
-4249.416
-4290.616
-4331.416
-4371.816
-4411.816
-4451.416
-4490.616
-4529.416
-4567.816
-4605.816
-4643.416
-4680.616
-4717.416
-4753.816
-4789.816
-4825.416
-4860.616
-4895.416
-4929.816
-4963.816
-4997.416
-5030.616
-5063.416
-5095.816
-5127.816
-5159.416
-5190.616
-5221.416
-5251.816
-5281.816
-5311.416
-5340.616
-5369.416
-5397.816
-5425.816
-5453.416
-5480.616
-5507.416
-5533.816
-5559.816
-5585.416
-5610.616
-5635.416
-5659.816
-5683.816
-5707.416
-5730.616
-5753.416
-5775.816
-5797.816
-5819.416
-5840.616
-5861.416
-5881.816
-5901.816
-5921.416
-5940.616
-5959.416
-5977.816
-5995.816
-6013.416
-6030.616
-6047.416
-6063.816
-6079.816
-6095.416
-6110.616
-6125.416
-6139.816
-6153.816
-6167.416
-6180.616
-6193.416
-6205.816
-6217.816
-6229.416
-6240.616
-6251.416
-6261.816
-6271.816
-6281.416
-6290.616
-6299.416
-6307.816
-6315.816
-6323.416
-6330.616
-6337.416
-6343.816
-6349.816
-6355.416
-6360.616
-6365.416
-6369.816
-6373.816
-6377.416
-6380.616
-6383.416
-6385.816
-6387.816
-6389.416
-6390.616
-6391.416
-6391.816
-6391.816
-6391.416
-6390.616
-6389.416
-6387.816
-6385.816
-6383.416
-6380.616
-6377.416
-6373.816
-6369.816
-6365.416
-6360.616
-6355.416
-6349.816
-6343.816
-6337.416
-6330.616
-6323.416
-6315.816
-6307.816
-6299.416
-6290.616
-6281.416
-6271.816
-6261.816
-6251.416
-6240.616
-6229.416
-6217.816
-6205.816
-6193.416
-6180.616
-6167.416
-6153.816
-6139.816
-6125.416
-6110.616
-6095.416
-6079.816
-6063.816
-6047.416
-6030.616
-6013.416
-5995.816
-5977.816
-5959.416
-5940.616
-5921.416
-5901.816
-5881.816
-5861.416
-5840.616
-5819.416
-5797.816
-5775.816
-5753.416
-5730.616
-5707.416
-5683.816
-5659.816
-5635.416
-5610.616
-5585.416
-5559.816
-5533.816
-5507.416
-5480.616
-5453.416
-5425.816
-5397.816
-5369.416
-5340.616
-5311.416
-5281.816
-5251.816
-5221.416
-5190.616
-5159.416
-5127.816
-5095.816
-5063.416
-5030.616
-4997.416
-4963.816
-4929.816
-4895.416
-4860.616
-4825.416
-4789.816
-4753.816
-4717.416
-4680.616
-4643.416
-4605.816
-4567.816
-4529.416
-4490.616
-4451.417
-4411.816
-4371.816
-4331.417
-4290.617
-4249.417
-4207.817
-4165.817
-4123.417
-4080.617
-4037.417
-3993.817
-3949.817
-3905.417
-3860.617
-3815.417
-3769.817
-3723.817
-3677.417
-3630.617
-3583.417
-3535.818
-3487.818
-3439.418
-3390.618
-3341.418
-3291.818
-3241.818
-3191.418
-3140.618
-3089.418
-3037.818
-2985.818
-2933.418
-2880.618
-2827.418
-2773.818
-2719.818
-2665.418
-2610.618
-2555.418
-2499.819
-2443.819
-2387.419
-2330.619
-2273.419
-2215.819
-2157.819
-2099.419
-2040.619
-1981.419
-1921.819
-1861.819
-1801.419
-1740.619
-1679.419
-1617.819
-1555.82
-1493.42
-1430.62
-1367.42
-1303.82
-1239.82
-1175.42
-1110.62
-1045.42
-979.8203
-913.8203
-847.4204
-780.6205
-713.4205
-645.8206
-577.8207
-509.4208
-440.6208
-371.4209
-301.821
-231.8211
-161.4212
-90.62127
-19.42135
52.17857
124.1785
196.5784
269.3783
342.5782
416.1782
490.1781
564.578
630
569.8401
510.0801
450.7202
391.7603
333.2003
275.0404
217.2805
159.9205
102.9606
46.40067
-9.75927
-65.5192
-120.8791
-175.8391
-230.399
-284.559
-338.3189
-391.6788
-444.6388
-497.1987
-549.3586
-601.1186
-652.4785
-703.4385
-753.9984
-804.1583
-853.9183
-903.2782
-952.2382
-1000.798
-1048.958
-1096.718
-1144.078
-1191.038
-1237.598
-1283.758
-1329.518
-1374.878
-1419.838
-1464.397
-1508.557
-1552.317
-1595.677
-1638.637
-1681.197
-1723.357
-1765.117
-1806.477
-1847.437
-1887.997
-1928.157
-1967.917
-2007.277
-2046.237
-2084.797
-2122.957
-2160.717
-2198.077
-2235.037
-2271.597
-2307.757
-2343.517
-2378.876
-2413.836
-2448.396
-2482.556
-2516.316
-2549.676
-2582.636
-2615.196
-2647.356
-2679.116
-2710.476
-2741.436
-2771.996
-2802.156
-2831.916
-2861.276
-2890.236
-2918.796
-2946.956
-2974.716
-3002.076
-3029.036
-3055.596
-3081.756
-3107.516
-3132.875
-3157.835
-3182.396
-3206.555
-3230.315
-3253.675
-3276.635
-3299.195
-3321.355
-3343.115
-3364.475
-3385.435
-3405.995
-3426.155
-3445.915
-3465.275
-3484.235
-3502.795
-3520.955
-3538.715
-3556.075
-3573.035
-3589.595
-3605.755
-3621.515
-3636.875
-3651.834
-3666.395
-3680.554
-3694.314
-3707.674
-3720.634
-3733.194
-3745.354
-3757.114
-3768.474
-3779.434
-3789.994
-3800.154
-3809.914
-3819.274
-3828.234
-3836.794
-3844.954
-3852.714
-3860.074
-3867.034
-3873.594
-3879.754
-3885.514
-3890.874
-3895.833
-3900.394
-3904.553
-3908.313
-3911.673
-3914.633
-3917.193
-3919.353
-3921.113
-3922.473
-3923.433
-3923.993
-3924.153
-3923.913
-3923.273
-3922.233
-3920.793
-3918.953
-3916.713
-3914.073
-3911.033
-3907.593
-3903.753
-3899.513
-3894.873
-3889.833
-3884.393
-3878.552
-3872.313
-3865.672
-3858.632
-3851.192
-3843.352
-3835.112
-3826.472
-3817.432
-3807.992
-3798.152
-3787.912
-3777.272
-3766.232
-3754.792
-3742.952
-3730.712
-3718.072
-3705.032
-3691.592
-3677.752
-3663.512
-3648.872
-3633.832
-3618.392
-3602.552
-3586.312
-3569.671
-3552.631
-3535.191
-3517.351
-3499.111
-3480.471
-3461.431
-3441.991
-3422.151
-3401.911
-3381.271
-3360.231
-3338.791
-3316.951
-3294.711
-3272.071
-3249.031
-3225.591
-3201.751
-3177.511
-3152.871
-3127.831
-3102.391
-3076.551
-3050.311
-3023.671
-2996.631
-2969.191
-2941.351
-2913.111
-2884.471
-2855.431
-2825.991
-2796.151
-2765.911
-2735.271
-2704.231
-2672.791
-2640.951
-2608.711
-2576.071
-2543.031
-2509.591
-2475.751
-2441.511
-2406.871
-2371.831
-2336.391
-2300.551
-2264.311
-2227.671
-2190.631
-2153.191
-2115.351
-2077.111
-2038.471
-1999.431
-1959.991
-1920.151
-1879.911
-1839.271
-1798.231
-1756.791
-1714.951
-1672.711
-1630.071
-1587.031
-1543.591
-1499.751
-1455.511
-1410.871
-1365.831
-1320.391
-1274.551
-1228.311
-1181.671
-1134.631
-1087.191
-1039.351
-991.1113
-942.4713
-893.4313
-843.9913
-794.1514
-743.9114
-693.2714
-642.2314
-590.7914
-538.9514
-486.7114
-434.0714
-381.0315
-327.5915
-273.7515
-219.5115
-164.8715
-109.8315
-54.39156
1.448421
57.6884
114.3284
171.3684
228.8083
286.6483
344.8883
403.5283
462.5683
522.0082
581.8482
630
581.488
533.376
485.6641
438.3521
391.4401
344.9281
298.8161
253.1041
207.7921
162.8802
118.3682
74.25619
30.5442
-12.76779
-55.67978
-98.19176
-140.3037
-182.0157
-223.3277
-264.2397
-304.7517
-344.8637
-384.5757
-423.8877
-462.7997
-501.3116
-539.4236
-577.1356
-614.4476
-651.3596
-687.8716
-723.9836
-759.6956
-795.0076
-829.9196
-864.4315
-898.5435
-932.2555
-965.5675
-998.4795
-1030.991
-1063.104
-1094.816
-1126.128
-1157.04
-1187.552
-1217.664
-1247.376
-1276.688
-1305.6
-1334.112
-1362.224
-1389.936
-1417.248
-1444.16
-1470.672
-1496.784
-1522.496
-1547.808
-1572.72
-1597.232
-1621.344
-1645.056
-1668.368
-1691.28
-1713.792
-1735.904
-1757.616
-1778.928
-1799.84
-1820.352
-1840.464
-1860.176
-1879.488
-1898.4
-1916.912
-1935.024
-1952.736
-1970.048
-1986.96
-2003.472
-2019.584
-2035.296
-2050.608
-2065.52
-2080.032
-2094.144
-2107.856
-2121.168
-2134.08
-2146.592
-2158.704
-2170.416
-2181.728
-2192.64
-2203.152
-2213.264
-2222.976
-2232.288
-2241.2
-2249.712
-2257.824
-2265.536
-2272.848
-2279.76
-2286.272
-2292.385
-2298.096
-2303.408
-2308.321
-2312.833
-2316.945
-2320.656
-2323.969
-2326.881
-2329.393
-2331.505
-2333.217
-2334.529
-2335.441
-2335.953
-2336.065
-2335.777
-2335.089
-2334.001
-2332.513
-2330.625
-2328.337
-2325.649
-2322.561
-2319.073
-2315.185
-2310.897
-2306.209
-2301.121
-2295.633
-2289.745
-2283.457
-2276.769
-2269.681
-2262.193
-2254.305
-2246.017
-2237.329
-2228.241
-2218.753
-2208.865
-2198.577
-2187.889
-2176.801
-2165.313
-2153.425
-2141.137
-2128.449
-2115.361
-2101.873
-2087.985
-2073.697
-2059.009
-2043.921
-2028.433
-2012.545
-1996.257
-1979.569
-1962.481
-1944.993
-1927.105
-1908.817
-1890.129
-1871.041
-1851.553
-1831.665
-1811.377
-1790.689
-1769.601
-1748.113
-1726.225
-1703.937
-1681.249
-1658.161
-1634.673
-1610.786
-1586.498
-1561.81
-1536.722
-1511.234
-1485.346
-1459.058
-1432.37
-1405.282
-1377.794
-1349.906
-1321.618
-1292.93
-1263.842
-1234.354
-1204.466
-1174.178
-1143.49
-1112.402
-1080.914
-1049.026
-1016.738
-984.0503
-950.9623
-917.4744
-883.5864
-849.2985
-814.6105
-779.5225
-744.0345
-708.1466
-671.8586
-635.1707
-598.0827
-560.5947
-522.7068
-484.4188
-445.7309
-406.6429
-367.155
-327.267
-286.979
-246.2911
-205.2031
-163.7152
-121.8272
-79.53925
-36.8513
6.236656
49.72461
93.61256
137.9005
182.5885
227.6764
273.1644
319.0523
365.3403
412.0282
459.1162
506.6041
554.4921
602.78
630
590.7296
551.8593
513.3889
475.3185
437.6482
400.3778
363.5075
327.0371
290.9667
255.2964
220.026
185.1556
150.6853
116.6149
82.94454
49.67418
16.80381
-15.66656
-47.73692
-79.40729
-110.6777
-141.548
-172.0184
-202.0888
-231.7591
-261.0295
-289.8999
-318.3702
-346.4406
-374.111
-401.3814
-428.2517
-454.7221
-480.7925
-506.4629
-531.7332
-556.6036
-581.074
-605.1443
-628.8147
-652.0851
-674.9554
-697.4258
-719.4962
-741.1666
-762.437
-783.3073
-803.7777
-823.8481
-843.5184
-862.7888
-881.6592
-900.1296
-918.2
-935.8704
-953.1407
-970.0111
-986.4815
-1002.552
-1018.222
-1033.493
-1048.363
-1062.833
-1076.904
-1090.574
-1103.845
-1116.715
-1129.185
-1141.256
-1152.926
-1164.197
-1175.067
-1185.537
-1195.608
-1205.278
-1214.548
-1223.419
-1231.889
-1239.96
-1247.63
-1254.9
-1261.771
-1268.241
-1274.312
-1279.982
-1285.252
-1290.123
-1294.593
-1298.663
-1302.334
-1305.604
-1308.475
-1310.945
-1313.015
-1314.686
-1315.956
-1316.827
-1317.297
-1317.367
-1317.038
-1316.308
-1315.178
-1313.649
-1311.719
-1309.39
-1306.66
-1303.53
-1300.001
-1296.071
-1291.742
-1287.012
-1281.882
-1276.353
-1270.423
-1264.094
-1257.364
-1250.234
-1242.705
-1234.775
-1226.445
-1217.716
-1208.586
-1199.057
-1189.127
-1178.797
-1168.068
-1156.938
-1145.408
-1133.479
-1121.149
-1108.42
-1095.29
-1081.76
-1067.831
-1053.501
-1038.772
-1023.642
-1008.112
-992.1827
-975.8531
-959.1235
-941.9939
-924.4643
-906.5347
-888.2051
-869.4755
-850.3458
-830.8162
-810.8866
-790.557
-769.8274
-748.6978
-727.1682
-705.2386
-682.909
-660.1794
-637.0498
-613.5202
-589.5906
-565.261
-540.5314
-515.4018
-489.8722
-463.9426
-437.613
-410.8834
-383.7538
-356.2242
-328.2946
-299.965
-271.2354
-242.1058
-212.5762
-182.6466
-152.317
-121.5874
-90.45782
-58.92823
-26.99863
5.330959
38.06055
71.19015
104.7197
138.6493
172.9789
207.7085
242.8381
278.3677
314.2973
350.6269
387.3565
424.4861
462.0157
499.9453
538.2748
577.0045
616.134
630
598.0563
566.5126
535.369
504.6253
474.2816
444.338
414.7943
385.6506
356.9069
328.5632
300.6196
273.0759
245.9322
219.1885
192.8449
166.9012
141.3575
116.2138
91.47015
67.12647
43.18279
19.63911
-3.504568
-26.24825
-48.59193
-70.53561
-92.0793
-113.223
-133.9667
-154.3104
-174.254
-193.7977
-212.9414
-231.6851
-250.0288
-267.9725
-285.5162
-302.6599
-319.4035
-335.7472
-351.6909
-367.2346
-382.3783
-397.122
-411.4657
-425.4094
-438.9531
-452.0967
-464.8404
-477.1841
-489.1278
-500.6715
-511.8152
-522.5589
-532.9026
-542.8463
-552.39
-561.5336
-570.2773
-578.621
-586.5647
-594.1084
-601.2521
-607.9958
-614.3395
-620.2831
-625.8268
-630.9705
-635.7142
-640.0579
-644.0016
-647.5453
-650.689
-653.4327
-655.7764
-657.72
-659.2637
-660.4074
-661.1511
-661.4948
-661.4385
-660.9822
-660.1259
-658.8696
-657.2133
-655.1569
-652.7006
-649.8443
-646.588
-642.9317
-638.8754
-634.4191
-629.5627
-624.3065
-618.6501
-612.5938
-606.1375
-599.2812
-592.0249
-584.3686
-576.3123
-567.856
-558.9996
-549.7433
-540.087
-530.0307
-519.5744
-508.7181
-497.4618
-485.8055
-473.7491
-461.2928
-448.4365
-435.1802
-421.5239
-407.4676
-393.0113
-378.155
-362.8987
-347.2423
-331.186
-314.7297
-297.8734
-280.6171
-262.9608
-244.9045
-226.4482
-207.5919
-188.3356
-168.6793
-148.623
-128.1667
-107.3104
-86.05408
-64.39778
-42.34148
-19.88518
2.971121
26.22742
49.88372
73.94002
98.39632
123.2526
148.5089
174.1652
200.2215
226.6778
253.5341
280.7904
308.4467
336.503
364.9593
393.8156
423.0718
452.7281
482.7844
513.2407
544.097
575.3533
607.0096
630
604.035
578.47
553.3049
528.5399
504.1749
480.2099
456.6448
433.4798
410.7148
388.3497
366.3847
344.8197
323.6546
302.8896
282.5245
262.5595
242.9945
223.8294
205.0644
186.6994
168.7343
151.1693
134.0042
117.2392
100.8742
84.90911
69.34407
54.17903
39.41399
25.04894
11.0839
-2.481146
-15.64619
-28.41124
-40.77628
-52.74133
-64.30637
-75.47142
-86.23647
-96.60152
-106.5666
-116.1316
-125.2967
-134.0617
-142.4268
-150.3918
-157.9568
-165.1219
-171.8869
-178.252
-184.217
-189.7821
-194.9471
-199.7122
-204.0772
-208.0423
-211.6073
-214.7723
-217.5374
-219.9024
-221.8675
-223.4325
-224.5976
-225.3626
-225.7277
-225.6927
-225.2578
-224.4228
-223.1878
-221.5529
-219.5179
-217.083
-214.248
-211.0131
-207.3781
-203.3432
-198.9082
-194.0732
-188.8383
-183.2033
-177.1684
-170.7334
-163.8985
-156.6635
-149.0286
-140.9936
-132.5587
-123.7237
-114.4887
-104.8538
-94.81882
-84.38387
-73.54891
-62.31396
-50.679
-38.64405
-26.20909
-13.37414
-0.139183
13.49577
27.53072
41.96568
56.80063
72.03558
87.67053
103.7055
120.1404
136.9754
154.2103
171.8453
189.8802
208.3152
227.1501
246.3851
266.0201
286.055
306.4899
327.3249
348.5598
370.1948
392.2297
414.6647
437.4996
460.7346
484.3695
508.4045
532.8394
557.6744
582.9093
608.5443
630
608.8521
588.1041
567.7562
547.8082
528.2603
509.1123
490.3643
472.0164
454.0684
436.5204
419.3725
402.6245
386.2766
370.3286
354.7806
339.6327
324.8847
310.5368
296.5888
283.0408
269.8929
257.1449
244.797
232.849
221.301
210.1531
199.4051
189.0571
179.1092
169.5612
160.4133
151.6653
143.3173
135.3694
127.8214
120.6734
113.9255
107.5775
101.6295
96.08157
90.93361
86.18565
81.83768
77.88972
74.34177
71.1938
68.44584
66.09788
64.14992
62.60196
61.45399
60.70603
60.35807
60.41011
60.86214
61.71418
62.96622
64.61826
66.6703
69.12234
71.97437
75.22641
78.87845
82.93049
87.38252
92.23456
97.4866
103.1386
109.1907
115.6427
122.4948
129.7468
137.3988
145.4509
153.9029
162.7549
172.007
181.659
191.7111
202.1631
213.0151
224.2672
235.9192
247.9713
260.4233
273.2753
286.5274
300.1794
314.2314
328.6835
343.5355
358.7876
374.4396
390.4916
406.9437
423.7957
441.0477
458.6998
476.7518
495.2038
514.0558
533.3079
552.9599
573.0119
593.4639
614.316
630
612.6784
595.7568
579.2352
563.1135
547.3919
532.0703
517.1486
502.627
488.5054
474.7838
461.4621
448.5405
436.0189
423.8972
412.1756
400.854
389.9323
379.4107
369.2891
359.5674
350.2458
341.3242
332.8026
324.6809
316.9593
309.6377
302.716
296.1944
290.0728
284.3511
279.0295
274.1079
269.5862
265.4646
261.743
258.4214
255.4997
252.9781
250.8565
249.1348
247.8132
246.8916
246.37
246.2483
246.5267
247.2051
248.2834
249.7618
251.6402
253.9186
256.5969
259.6753
263.1537
267.032
271.3104
275.9888
281.0671
286.5455
292.4239
298.7023
305.3806
312.459
319.9374
327.8158
336.0941
344.7725
353.8509
363.3293
373.2076
383.486
394.1644
405.2428
416.7211
428.5995
440.8779
453.5562
466.6346
480.113
493.9913
508.2697
522.9481
538.0264
553.5048
569.3832
585.6616
602.3399
619.4183
630
615.6973
601.7946
588.2919
575.1892
562.4865
550.1838
538.2811
526.7784
515.6757
504.973
494.6703
484.7676
475.2649
466.1622
457.4595
449.1568
441.2541
433.7514
426.6487
419.946
413.6433
407.7406
402.2379
397.1353
392.4326
388.1299
384.2271
380.7245
377.6218
374.9191
372.6164
370.7137
369.211
368.1083
367.4056
367.1029
367.2002
367.6975
368.5948
369.8921
371.5894
373.6867
376.184
379.0813
382.3786
386.0759
390.1732
394.6705
399.5678
404.8651
410.5624
416.6597
423.157
430.0544
437.3517
445.049
453.1463
461.6436
470.5409
479.8382
489.5355
499.6328
510.1301
521.0274
532.3247
544.022
556.1193
568.6166
581.5139
594.8112
608.5085
622.6058
630
618.0822
606.5643
595.4465
584.7286
574.4108
564.4929
554.9751
545.8572
537.1394
528.8215
520.9037
513.3859
506.268
499.5502
493.2324
487.3145
481.7967
476.6788
471.961
467.6432
463.7253
460.2075
457.0896
454.3718
452.054
450.1361
448.6183
447.5004
446.7826
446.4648
446.5469
447.0291
447.9112
449.1934
450.8755
452.9577
455.4398
458.322
461.6042
465.2863
469.3685
473.8506
478.7328
484.015
489.6971
495.7793
502.2614
509.1436
516.4258
524.1079
532.1901
540.6722
549.5544
558.8365
568.5187
578.6009
589.0831
599.9652
611.2474
622.9295
630
620.0143
610.4285
601.2428
592.4571
584.0714
576.0856
568.4999
561.3141
554.5284
548.1427
542.157
536.5713
531.3856
526.5999
522.2141
518.2284
514.6426
511.4569
508.6712
506.2855
504.2997
502.714
501.5283
500.7426
500.3568
500.3711
500.7854
501.5997
502.8139
504.4282
506.4425
508.8568
511.6711
514.8853
518.4996
522.5139
526.9281
531.7424
536.9567
542.5709
548.5852
554.9995
561.8138
569.0281
576.6423
584.6566
593.0709
601.8852
611.0995
620.7137
630
621.6686
613.7372
606.2057
599.0743
592.3429
586.0115
580.0801
574.5486
569.4172
564.6858
560.3544
556.423
552.8915
549.7601
547.0287
544.6973
542.7659
541.2344
540.103
539.3716
539.0402
539.1088
539.5773
540.4459
541.7145
543.3831
545.4517
547.9202
550.7888
554.0574
557.726
561.7946
566.2631
571.1317
576.4003
582.0688
588.1375
594.606
601.4746
608.7432
616.4117
624.4803
630
622.9052
616.2103
609.9154
604.0206
598.5257
593.4308
588.736
584.4411
580.5463
577.0514
573.9565
571.2617
568.9668
567.072
565.5771
564.4822
563.7874
563.4925
563.5977
564.1028
565.0079
566.313
568.0182
570.1234
572.6285
575.5336
578.8387
582.5439
586.649
591.1542
596.0593
601.3644
607.0696
613.1747
619.6799
626.585
630
623.8359
618.0718
612.7076
607.7435
603.1794
599.0153
595.2512
591.8871
588.923
586.3589
584.1948
582.4307
581.0665
580.1024
579.5383
579.3742
579.6101
580.246
581.2819
582.7178
584.5536
586.7896
589.4254
592.4613
595.8972
599.7331
603.969
608.6049
613.6407
619.0767
624.9125
